# Blender 4.0.2
# www.blender.org
mtllib Bolts.mtl
o Bolts
v 1.150135 2.100676 0.396194
v 1.149445 2.101405 0.393769
v 1.150135 2.100676 0.391344
v 1.153468 2.097152 0.396194
v 1.151802 2.098914 0.397198
v 1.151802 2.098914 0.390340
v 1.153468 2.097152 0.391344
v 1.154158 2.096423 0.393769
v 1.236625 2.012032 0.395911
v 1.237127 2.011501 0.393390
v 1.236257 2.012421 0.391091
v 1.233313 2.015533 0.396447
v 1.235045 2.013701 0.397177
v 1.234524 2.014253 0.390361
v 1.232944 2.015923 0.391627
v 1.232443 2.016453 0.394148
v -1.921575 -1.424214 0.415502
v -1.920884 -1.424943 0.413077
v -1.921575 -1.424214 0.410652
v -1.924908 -1.420691 0.415502
v -1.923241 -1.422452 0.416506
v -1.923241 -1.422452 0.409648
v -1.924908 -1.420691 0.410652
v -1.925598 -1.419961 0.413077
v -1.993280 -1.344519 0.415219
v -1.993782 -1.343989 0.412698
v -1.992911 -1.344909 0.410399
v -1.989967 -1.348020 0.415755
v -1.991700 -1.346189 0.416485
v -1.991179 -1.346740 0.409669
v -1.989599 -1.348410 0.410935
v -1.989097 -1.348940 0.413456
v 2.161194 1.031935 0.396194
v 2.161884 1.031205 0.393769
v 2.161194 1.031935 0.391344
v 2.157861 1.035458 0.396194
v 2.159528 1.033696 0.397198
v 2.159528 1.033696 0.390340
v 2.157861 1.035458 0.391344
v 2.157171 1.036187 0.393769
v 2.077480 1.123205 0.395911
v 2.076978 1.123735 0.393390
v 2.077849 1.122815 0.391091
v 2.080793 1.119704 0.396447
v 2.079060 1.121535 0.397177
v 2.079581 1.120984 0.390361
v 2.081161 1.119314 0.391627
v 2.081663 1.118783 0.394148
v -1.528530 -1.839682 0.415502
v -1.529220 -1.838953 0.413077
v -1.528530 -1.839682 0.410652
v -1.525197 -1.843205 0.415502
v -1.526864 -1.841444 0.416506
v -1.526864 -1.841444 0.409648
v -1.525197 -1.843205 0.410652
v -1.524507 -1.843935 0.413077
v -1.452932 -1.915694 0.415219
v -1.452430 -1.916224 0.412698
v -1.453301 -1.915304 0.410399
v -1.456245 -1.912193 0.415755
v -1.454512 -1.914024 0.416485
v -1.455033 -1.913473 0.409669
v -1.456613 -1.911803 0.410935
v -1.457115 -1.911273 0.413456
v 1.149866 2.099300 0.392157
v 1.149869 2.099320 0.392145
v 1.150985 2.098141 0.391473
v 1.150973 2.098130 0.391490
v 1.152100 2.096961 0.392145
v 1.152080 2.096959 0.392157
v 1.149869 2.099320 0.395392
v 1.149866 2.099300 0.395380
v 1.150973 2.098130 0.396048
v 1.150985 2.098141 0.396065
v 1.152080 2.096959 0.395380
v 1.152100 2.096961 0.395392
v 1.152539 2.096474 0.393769
v 1.152562 2.096473 0.393769
v 1.149407 2.099786 0.393769
v 1.149407 2.099809 0.393769
v 1.151954 2.099531 0.391835
v 1.151944 2.099564 0.391819
v 1.151943 2.099542 0.391851
v 1.152190 2.099281 0.391835
v 1.152202 2.099292 0.391819
v 1.152426 2.099032 0.391835
v 1.152437 2.099021 0.391851
v 1.152459 2.099020 0.391819
v 1.151954 2.099531 0.395703
v 1.151943 2.099542 0.395687
v 1.151944 2.099564 0.395719
v 1.152202 2.099292 0.395719
v 1.152190 2.099281 0.395703
v 1.152426 2.099032 0.395703
v 1.152459 2.099020 0.395719
v 1.152437 2.099021 0.395687
v 1.152459 2.099020 0.393769
v 1.152437 2.099021 0.393769
v 1.151944 2.099564 0.393769
v 1.151943 2.099542 0.393769
v 1.149253 2.099971 0.391249
v 1.149257 2.099990 0.391239
v 1.150996 2.098151 0.390190
v 1.150985 2.098141 0.390205
v 1.152735 2.096313 0.391239
v 1.152716 2.096310 0.391249
v 1.149257 2.099990 0.396299
v 1.149253 2.099971 0.396289
v 1.150985 2.098141 0.397332
v 1.150996 2.098151 0.397347
v 1.152716 2.096310 0.396289
v 1.152735 2.096313 0.396299
v 1.153434 2.095552 0.393769
v 1.153455 2.095552 0.393769
v 1.148535 2.100729 0.393769
v 1.148537 2.100751 0.393769
v 1.142253 2.092083 0.392169
v 1.142257 2.092102 0.392157
v 1.143364 2.090932 0.391490
v 1.143353 2.090921 0.391507
v 1.144471 2.089761 0.392157
v 1.144452 2.089759 0.392169
v 1.142257 2.092102 0.395380
v 1.142253 2.092083 0.395368
v 1.143353 2.090921 0.396031
v 1.143364 2.090932 0.396048
v 1.144452 2.089759 0.395368
v 1.144471 2.089761 0.395380
v 1.144907 2.089278 0.393769
v 1.144930 2.089276 0.393769
v 1.141798 2.092564 0.393769
v 1.141798 2.092587 0.393769
v 1.150800 2.100757 0.391741
v 1.150828 2.100744 0.391751
v 1.152202 2.099292 0.390923
v 1.152193 2.099284 0.390902
v 1.153575 2.097840 0.391751
v 1.153587 2.097812 0.391741
v 1.150828 2.100744 0.395787
v 1.150800 2.100757 0.395796
v 1.152193 2.099284 0.396636
v 1.152202 2.099292 0.396615
v 1.153587 2.097812 0.395796
v 1.153575 2.097840 0.395787
v 1.154164 2.097202 0.393769
v 1.154150 2.097233 0.393769
v 1.150223 2.101367 0.393769
v 1.150253 2.101352 0.393769
v 1.150917 2.098549 0.391835
v 1.150906 2.098561 0.391851
v 1.150905 2.098538 0.391851
v 1.151141 2.098289 0.391851
v 1.151153 2.098300 0.391835
v 1.151389 2.098051 0.391835
v 1.151377 2.098040 0.391851
v 1.151399 2.098039 0.391851
v 1.150917 2.098549 0.395703
v 1.150905 2.098538 0.395687
v 1.150906 2.098561 0.395687
v 1.151153 2.098300 0.395703
v 1.151141 2.098289 0.395687
v 1.151389 2.098051 0.395703
v 1.151399 2.098039 0.395687
v 1.151377 2.098040 0.395687
v 1.151399 2.098039 0.393769
v 1.151377 2.098040 0.393769
v 1.150906 2.098561 0.393769
v 1.150905 2.098538 0.393769
v 1.233940 2.013547 0.393555
v 1.233943 2.013567 0.393545
v 1.234328 2.013159 0.393993
v 1.234308 2.013157 0.393983
v 1.233505 2.014030 0.395491
v 1.233485 2.014028 0.395481
v 1.233490 2.014046 0.395494
v 1.233301 2.014223 0.395267
v 1.233305 2.014241 0.395279
v 1.233121 2.014435 0.395065
v 1.233117 2.014417 0.395053
v 1.233120 2.014437 0.395043
v 1.235152 2.012289 0.392495
v 1.235150 2.012291 0.392473
v 1.235132 2.012287 0.392485
v 1.234948 2.012482 0.392271
v 1.234966 2.012486 0.392259
v 1.234763 2.012676 0.392056
v 1.234782 2.012680 0.392044
v 1.234766 2.012696 0.392047
v 1.233663 2.015964 0.391998
v 1.233638 2.015974 0.391978
v 1.236706 2.012747 0.395540
v 1.236715 2.012721 0.395560
v 1.235394 2.014117 0.396619
v 1.235391 2.014137 0.396594
v 1.233963 2.015646 0.395992
v 1.233946 2.015648 0.396008
v 1.233218 2.016418 0.394086
v 1.233245 2.016405 0.394096
v 1.237135 2.012278 0.393452
v 1.237124 2.012305 0.393441
v 1.236406 2.013064 0.391546
v 1.236407 2.013047 0.391530
v 1.234978 2.014574 0.390944
v 1.234959 2.014578 0.390919
v 1.225124 2.007288 0.392346
v 1.225121 2.007267 0.392356
v 1.227550 2.004701 0.395182
v 1.227570 2.004702 0.395192
v 1.226520 2.005812 0.396034
v 1.226507 2.005802 0.396017
v 1.225369 2.007029 0.395549
v 1.225365 2.007010 0.395535
v 1.224791 2.007617 0.394019
v 1.224790 2.007640 0.394021
v 1.227903 2.004349 0.393517
v 1.227880 2.004351 0.393519
v 1.227306 2.004957 0.392002
v 1.227325 2.004961 0.391989
v 1.226164 2.006166 0.391521
v 1.226174 2.006178 0.391504
v 1.232058 2.015245 0.391534
v 1.232055 2.015226 0.391543
v 1.235880 2.011182 0.395995
v 1.235899 2.011184 0.396004
v 1.234251 2.012927 0.397325
v 1.234238 2.012918 0.397310
v 1.232438 2.014821 0.396552
v 1.232443 2.014838 0.396564
v 1.231534 2.015777 0.394163
v 1.231535 2.015798 0.394165
v 1.236423 2.010631 0.393373
v 1.236401 2.010631 0.393375
v 1.235515 2.011591 0.390974
v 1.235497 2.011587 0.390986
v 1.233697 2.013490 0.390227
v 1.233707 2.013502 0.390212
v 1.234980 2.014548 0.393545
v 1.234983 2.014568 0.393535
v 1.235386 2.014143 0.394003
v 1.235366 2.014141 0.393993
v 1.234542 2.015011 0.395491
v 1.234527 2.015027 0.395494
v 1.234549 2.015027 0.395526
v 1.234343 2.015222 0.395279
v 1.234348 2.015240 0.395292
v 1.234147 2.015452 0.395058
v 1.234159 2.015417 0.395065
v 1.234157 2.015419 0.395043
v 1.236187 2.013272 0.392473
v 1.236189 2.013270 0.392495
v 1.236222 2.013258 0.392480
v 1.236021 2.013471 0.392246
v 1.236003 2.013467 0.392259
v 1.235804 2.013678 0.392047
v 1.235819 2.013662 0.392044
v 1.235820 2.013683 0.392012
v 1.232735 2.014506 0.392335
v 1.232733 2.014486 0.392346
v 1.235179 2.011900 0.395192
v 1.235200 2.011901 0.395203
v 1.234142 2.013020 0.396051
v 1.234129 2.013010 0.396034
v 1.232982 2.014246 0.395562
v 1.232978 2.014227 0.395549
v 1.232400 2.014838 0.394021
v 1.232399 2.014862 0.394023
v 1.235536 2.011546 0.393515
v 1.235513 2.011548 0.393517
v 1.234934 2.012159 0.391989
v 1.234953 2.012162 0.391976
v 1.233793 2.013388 0.391487
v 1.233783 2.013376 0.391504
v -1.921305 -1.422839 0.411466
v -1.921308 -1.422858 0.411454
v -1.922424 -1.421679 0.410781
v -1.922412 -1.421668 0.410798
v -1.923540 -1.420500 0.411454
v -1.923520 -1.420498 0.411466
v -1.921308 -1.422858 0.414700
v -1.921305 -1.422839 0.414688
v -1.922412 -1.421668 0.415356
v -1.922424 -1.421679 0.415373
v -1.923520 -1.420498 0.414688
v -1.923540 -1.420500 0.414700
v -1.923979 -1.420013 0.413077
v -1.924002 -1.420011 0.413077
v -1.920846 -1.423324 0.413077
v -1.920846 -1.423347 0.413077
v -1.923394 -1.423069 0.411143
v -1.923383 -1.423103 0.411127
v -1.923383 -1.423080 0.411159
v -1.923630 -1.422819 0.411143
v -1.923641 -1.422830 0.411127
v -1.923865 -1.422570 0.411143
v -1.923876 -1.422559 0.411159
v -1.923898 -1.422558 0.411127
v -1.923394 -1.423069 0.415011
v -1.923383 -1.423080 0.414995
v -1.923383 -1.423103 0.415027
v -1.923641 -1.422830 0.415027
v -1.923630 -1.422819 0.415011
v -1.923865 -1.422570 0.415011
v -1.923898 -1.422558 0.415027
v -1.923876 -1.422559 0.414995
v -1.923898 -1.422558 0.413077
v -1.923876 -1.422559 0.413077
v -1.923383 -1.423103 0.413077
v -1.923383 -1.423080 0.413077
v -1.920692 -1.423509 0.410557
v -1.920696 -1.423528 0.410547
v -1.922435 -1.421690 0.409499
v -1.922424 -1.421679 0.409513
v -1.924174 -1.419852 0.410547
v -1.924155 -1.419849 0.410557
v -1.920696 -1.423528 0.415607
v -1.920692 -1.423509 0.415597
v -1.922424 -1.421679 0.416641
v -1.922435 -1.421690 0.416655
v -1.924155 -1.419849 0.415597
v -1.924174 -1.419852 0.415607
v -1.924873 -1.419090 0.413077
v -1.924894 -1.419090 0.413077
v -1.919975 -1.424268 0.413077
v -1.919976 -1.424289 0.413077
v -1.913693 -1.415621 0.411478
v -1.913696 -1.415640 0.411466
v -1.914804 -1.414470 0.410798
v -1.914792 -1.414459 0.410815
v -1.915911 -1.413299 0.411466
v -1.915891 -1.413297 0.411478
v -1.913696 -1.415640 0.414688
v -1.913693 -1.415621 0.414676
v -1.914792 -1.414459 0.415339
v -1.914804 -1.414470 0.415356
v -1.915891 -1.413297 0.414676
v -1.915911 -1.413299 0.414688
v -1.916347 -1.412816 0.413077
v -1.916370 -1.412814 0.413077
v -1.913237 -1.416102 0.413077
v -1.913237 -1.416125 0.413077
v -1.922239 -1.424296 0.411049
v -1.922267 -1.424283 0.411059
v -1.923641 -1.422830 0.410231
v -1.923633 -1.422823 0.410210
v -1.925015 -1.421378 0.411059
v -1.925026 -1.421350 0.411049
v -1.922267 -1.424283 0.415095
v -1.922239 -1.424296 0.415105
v -1.923633 -1.422823 0.415944
v -1.923641 -1.422830 0.415923
v -1.925026 -1.421350 0.415105
v -1.925015 -1.421378 0.415095
v -1.925603 -1.420740 0.413077
v -1.925589 -1.420771 0.413077
v -1.921662 -1.424906 0.413077
v -1.921693 -1.424890 0.413077
v -1.922356 -1.422087 0.411143
v -1.922345 -1.422099 0.411159
v -1.922345 -1.422077 0.411159
v -1.922581 -1.421827 0.411159
v -1.922592 -1.421838 0.411143
v -1.922828 -1.421589 0.411143
v -1.922817 -1.421578 0.411159
v -1.922839 -1.421577 0.411159
v -1.922356 -1.422087 0.415011
v -1.922345 -1.422077 0.414995
v -1.922345 -1.422099 0.414995
v -1.922592 -1.421838 0.415011
v -1.922581 -1.421827 0.414995
v -1.922828 -1.421589 0.415011
v -1.922839 -1.421577 0.414995
v -1.922817 -1.421578 0.414995
v -1.922839 -1.421577 0.413077
v -1.922817 -1.421578 0.413077
v -1.922345 -1.422099 0.413077
v -1.922345 -1.422077 0.413077
v -1.990595 -1.346034 0.412863
v -1.990597 -1.346054 0.412853
v -1.990983 -1.345647 0.413301
v -1.990963 -1.345645 0.413291
v -1.990160 -1.346517 0.414799
v -1.990140 -1.346515 0.414789
v -1.990144 -1.346533 0.414802
v -1.989955 -1.346710 0.414575
v -1.989960 -1.346728 0.414587
v -1.989776 -1.346923 0.414373
v -1.989771 -1.346905 0.414361
v -1.989774 -1.346925 0.414351
v -1.991806 -1.344777 0.411803
v -1.991804 -1.344778 0.411781
v -1.991786 -1.344775 0.411793
v -1.991602 -1.344969 0.411579
v -1.991620 -1.344973 0.411567
v -1.991418 -1.345164 0.411364
v -1.991436 -1.345168 0.411352
v -1.991421 -1.345184 0.411355
v -1.990317 -1.348451 0.411306
v -1.990292 -1.348462 0.411286
v -1.993361 -1.345234 0.414848
v -1.993370 -1.345208 0.414868
v -1.992049 -1.346605 0.415927
v -1.992046 -1.346624 0.415902
v -1.990618 -1.348134 0.415300
v -1.990600 -1.348136 0.415316
v -1.989872 -1.348905 0.413394
v -1.989900 -1.348893 0.413405
v -1.993789 -1.344765 0.412760
v -1.993778 -1.344793 0.412749
v -1.993061 -1.345551 0.410854
v -1.993062 -1.345534 0.410838
v -1.991632 -1.347061 0.410252
v -1.991613 -1.347065 0.410227
v -1.981778 -1.339775 0.411654
v -1.981776 -1.339755 0.411664
v -1.984204 -1.337188 0.414490
v -1.984225 -1.337189 0.414500
v -1.983175 -1.338299 0.415342
v -1.983162 -1.338290 0.415325
v -1.982023 -1.339516 0.414857
v -1.982019 -1.339498 0.414844
v -1.981445 -1.340104 0.413327
v -1.981445 -1.340128 0.413329
v -1.984558 -1.336837 0.412825
v -1.984535 -1.336838 0.412827
v -1.983961 -1.337445 0.411310
v -1.983980 -1.337448 0.411297
v -1.982818 -1.338653 0.410829
v -1.982828 -1.338665 0.410812
v -1.988713 -1.347732 0.410842
v -1.988709 -1.347713 0.410851
v -1.992535 -1.343670 0.415303
v -1.992554 -1.343672 0.415312
v -1.990905 -1.345415 0.416633
v -1.990893 -1.345405 0.416619
v -1.989092 -1.347308 0.415860
v -1.989097 -1.347326 0.415872
v -1.988188 -1.348264 0.413471
v -1.988189 -1.348286 0.413473
v -1.993077 -1.343119 0.412681
v -1.993056 -1.343119 0.412683
v -1.992169 -1.344078 0.410282
v -1.992152 -1.344074 0.410294
v -1.990351 -1.345978 0.409535
v -1.990361 -1.345989 0.409521
v -1.991635 -1.347036 0.412853
v -1.991638 -1.347055 0.412843
v -1.992040 -1.346630 0.413311
v -1.992020 -1.346628 0.413301
v -1.991197 -1.347499 0.414799
v -1.991182 -1.347515 0.414802
v -1.991203 -1.347515 0.414834
v -1.990997 -1.347709 0.414587
v -1.991002 -1.347727 0.414600
v -1.990801 -1.347940 0.414366
v -1.990813 -1.347904 0.414373
v -1.990812 -1.347906 0.414351
v -1.992842 -1.345760 0.411781
v -1.992844 -1.345758 0.411803
v -1.992877 -1.345746 0.411788
v -1.992676 -1.345958 0.411554
v -1.992658 -1.345955 0.411567
v -1.992458 -1.346165 0.411355
v -1.992473 -1.346149 0.411352
v -1.992475 -1.346171 0.411320
v -1.989390 -1.346994 0.411643
v -1.989387 -1.346973 0.411654
v -1.991834 -1.344388 0.414500
v -1.991854 -1.344389 0.414511
v -1.990796 -1.345507 0.415359
v -1.990784 -1.345497 0.415342
v -1.989637 -1.346733 0.414870
v -1.989632 -1.346714 0.414857
v -1.989054 -1.347326 0.413329
v -1.989054 -1.347349 0.413331
v -1.992190 -1.344034 0.412823
v -1.992167 -1.344035 0.412825
v -1.991589 -1.344647 0.411297
v -1.991607 -1.344650 0.411284
v -1.990448 -1.345876 0.410795
v -1.990437 -1.345864 0.410812
v 2.159826 1.031744 0.392145
v 2.159806 1.031742 0.392157
v 2.158699 1.032912 0.391490
v 2.158710 1.032923 0.391473
v 2.157591 1.034083 0.392157
v 2.157595 1.034102 0.392145
v 2.159806 1.031742 0.395380
v 2.159826 1.031744 0.395392
v 2.158710 1.032923 0.396065
v 2.158699 1.032912 0.396048
v 2.157595 1.034102 0.395392
v 2.157591 1.034083 0.395380
v 2.157132 1.034591 0.393769
v 2.157133 1.034568 0.393769
v 2.160288 1.031255 0.393769
v 2.160265 1.031257 0.393769
v 2.160152 1.033814 0.391835
v 2.160163 1.033803 0.391851
v 2.160185 1.033803 0.391819
v 2.159927 1.034075 0.391819
v 2.159916 1.034064 0.391835
v 2.159680 1.034313 0.391835
v 2.159670 1.034347 0.391819
v 2.159669 1.034324 0.391851
v 2.160152 1.033814 0.395703
v 2.160185 1.033803 0.395719
v 2.160163 1.033803 0.395687
v 2.159916 1.034064 0.395703
v 2.159927 1.034075 0.395719
v 2.159680 1.034313 0.395703
v 2.159669 1.034324 0.395687
v 2.159670 1.034347 0.395719
v 2.159669 1.034324 0.393769
v 2.159670 1.034347 0.393769
v 2.160163 1.033803 0.393769
v 2.160185 1.033803 0.393769
v 2.160460 1.031096 0.391239
v 2.160442 1.031093 0.391249
v 2.158710 1.032923 0.390205
v 2.158721 1.032934 0.390190
v 2.156979 1.034754 0.391249
v 2.156983 1.034772 0.391239
v 2.160442 1.031093 0.396289
v 2.160460 1.031096 0.396299
v 2.158721 1.032934 0.397347
v 2.158710 1.032923 0.397332
v 2.156983 1.034772 0.396299
v 2.156979 1.034754 0.396289
v 2.156262 1.035533 0.393769
v 2.156261 1.035512 0.393769
v 2.161181 1.030334 0.393769
v 2.161159 1.030334 0.393769
v 2.152197 1.024543 0.392157
v 2.152178 1.024541 0.392169
v 2.151078 1.025703 0.391507
v 2.151090 1.025714 0.391490
v 2.149979 1.026865 0.392169
v 2.149982 1.026885 0.392157
v 2.152178 1.024541 0.395368
v 2.152197 1.024543 0.395380
v 2.151090 1.025714 0.396048
v 2.151078 1.025703 0.396031
v 2.149982 1.026885 0.395380
v 2.149979 1.026865 0.395368
v 2.149524 1.027369 0.393769
v 2.149524 1.027346 0.393769
v 2.152656 1.024058 0.393769
v 2.152633 1.024060 0.393769
v 2.161301 1.032622 0.391751
v 2.161313 1.032594 0.391741
v 2.159919 1.034067 0.390902
v 2.159927 1.034075 0.390923
v 2.158526 1.035540 0.391741
v 2.158554 1.035527 0.391751
v 2.161313 1.032594 0.395796
v 2.161301 1.032622 0.395787
v 2.159927 1.034075 0.396615
v 2.159919 1.034067 0.396636
v 2.158554 1.035527 0.395787
v 2.158526 1.035540 0.395796
v 2.157979 1.036134 0.393769
v 2.157949 1.036150 0.393769
v 2.161876 1.032015 0.393769
v 2.161890 1.031984 0.393769
v 2.159114 1.032833 0.391835
v 2.159103 1.032822 0.391851
v 2.159125 1.032822 0.391851
v 2.158878 1.033082 0.391835
v 2.158867 1.033072 0.391851
v 2.158643 1.033332 0.391835
v 2.158632 1.033343 0.391851
v 2.158631 1.033321 0.391851
v 2.159114 1.032833 0.395703
v 2.159125 1.032822 0.395687
v 2.159103 1.032822 0.395687
v 2.158867 1.033072 0.395687
v 2.158878 1.033082 0.395703
v 2.158643 1.033332 0.395703
v 2.158631 1.033321 0.395687
v 2.158632 1.033343 0.395687
v 2.158631 1.033321 0.393769
v 2.158632 1.033343 0.393769
v 2.159103 1.032822 0.393769
v 2.159125 1.032822 0.393769
v 2.078844 1.120440 0.393555
v 2.078864 1.120442 0.393545
v 2.078476 1.120829 0.393983
v 2.078479 1.120849 0.393993
v 2.079302 1.119979 0.395491
v 2.079317 1.119963 0.395494
v 2.079299 1.119959 0.395481
v 2.079502 1.119768 0.395279
v 2.079484 1.119764 0.395267
v 2.079686 1.119573 0.395065
v 2.079688 1.119571 0.395043
v 2.079668 1.119569 0.395053
v 2.077656 1.121719 0.392495
v 2.077652 1.121700 0.392485
v 2.077657 1.121718 0.392473
v 2.077837 1.121505 0.392271
v 2.077841 1.121523 0.392259
v 2.078021 1.121310 0.392056
v 2.078041 1.121312 0.392047
v 2.078026 1.121328 0.392044
v 2.081251 1.120003 0.391978
v 2.081242 1.120029 0.391998
v 2.078173 1.123257 0.395560
v 2.078199 1.123246 0.395540
v 2.079514 1.121856 0.396594
v 2.079494 1.121860 0.396619
v 2.080943 1.120329 0.396008
v 2.080942 1.120346 0.395992
v 2.081660 1.119588 0.394096
v 2.081671 1.119560 0.394086
v 2.077781 1.123687 0.393441
v 2.077754 1.123700 0.393452
v 2.078482 1.122931 0.391530
v 2.078499 1.122929 0.391546
v 2.079930 1.121400 0.390919
v 2.079927 1.121419 0.390944
v 2.072085 1.111983 0.392356
v 2.072106 1.111984 0.392346
v 2.069660 1.114570 0.395192
v 2.069657 1.114549 0.395182
v 2.070699 1.113448 0.396017
v 2.070710 1.113460 0.396034
v 2.071842 1.112240 0.395535
v 2.071861 1.112243 0.395549
v 2.072439 1.111632 0.394021
v 2.072416 1.111633 0.394019
v 2.069326 1.114899 0.393519
v 2.069326 1.114922 0.393517
v 2.069905 1.114311 0.391989
v 2.069901 1.114293 0.392002
v 2.071056 1.113094 0.391504
v 2.071043 1.113085 0.391521
v 2.080416 1.118464 0.391543
v 2.080435 1.118467 0.391534
v 2.076594 1.122527 0.396004
v 2.076591 1.122508 0.395995
v 2.078233 1.120772 0.397310
v 2.078243 1.120784 0.397325
v 2.080050 1.118873 0.396564
v 2.080033 1.118869 0.396552
v 2.080959 1.117913 0.394165
v 2.080937 1.117913 0.394163
v 2.076070 1.123059 0.393375
v 2.076071 1.123080 0.393373
v 2.076974 1.122103 0.390986
v 2.076979 1.122120 0.390974
v 2.078787 1.120209 0.390212
v 2.078774 1.120200 0.390227
v 2.079921 1.121425 0.393535
v 2.079902 1.121423 0.393545
v 2.079516 1.121830 0.393993
v 2.079519 1.121850 0.394003
v 2.080356 1.120966 0.395526
v 2.080355 1.120944 0.395494
v 2.080340 1.120960 0.395491
v 2.080557 1.120753 0.395292
v 2.080539 1.120749 0.395279
v 2.080725 1.120553 0.395043
v 2.080723 1.120555 0.395065
v 2.080758 1.120540 0.395058
v 2.078695 1.122699 0.392473
v 2.078682 1.122735 0.392480
v 2.078693 1.122701 0.392495
v 2.078879 1.122504 0.392259
v 2.078884 1.122522 0.392246
v 2.079078 1.122294 0.392047
v 2.079085 1.122310 0.392012
v 2.079063 1.122310 0.392044
v 2.079715 1.119182 0.392346
v 2.079736 1.119184 0.392335
v 2.077271 1.121789 0.395203
v 2.077269 1.121768 0.395192
v 2.078319 1.120658 0.396034
v 2.078329 1.120671 0.396051
v 2.079470 1.119441 0.395549
v 2.079489 1.119445 0.395562
v 2.080071 1.118829 0.394023
v 2.080049 1.118830 0.394021
v 2.076936 1.122121 0.393517
v 2.076935 1.122144 0.393515
v 2.077518 1.121528 0.391976
v 2.077514 1.121509 0.391989
v 2.078665 1.120292 0.391504
v 2.078678 1.120302 0.391487
v -1.527162 -1.839491 0.411454
v -1.527142 -1.839489 0.411466
v -1.526035 -1.840660 0.410798
v -1.526046 -1.840670 0.410781
v -1.524927 -1.841830 0.411466
v -1.524931 -1.841850 0.411454
v -1.527142 -1.839489 0.414688
v -1.527162 -1.839491 0.414700
v -1.526046 -1.840670 0.415373
v -1.526035 -1.840660 0.415356
v -1.524931 -1.841850 0.414700
v -1.524927 -1.841830 0.414688
v -1.524468 -1.842338 0.413077
v -1.524469 -1.842315 0.413077
v -1.527624 -1.839002 0.413077
v -1.527601 -1.839004 0.413077
v -1.527488 -1.841562 0.411143
v -1.527499 -1.841550 0.411159
v -1.527521 -1.841550 0.411127
v -1.527263 -1.841822 0.411127
v -1.527252 -1.841811 0.411143
v -1.527016 -1.842060 0.411143
v -1.527006 -1.842094 0.411127
v -1.527005 -1.842072 0.411159
v -1.527488 -1.841562 0.415011
v -1.527521 -1.841550 0.415027
v -1.527499 -1.841550 0.414995
v -1.527252 -1.841811 0.415011
v -1.527263 -1.841822 0.415027
v -1.527016 -1.842060 0.415011
v -1.527005 -1.842072 0.414995
v -1.527006 -1.842094 0.415027
v -1.527005 -1.842072 0.413077
v -1.527006 -1.842094 0.413077
v -1.527499 -1.841550 0.413077
v -1.527521 -1.841550 0.413077
v -1.527797 -1.838843 0.410547
v -1.527778 -1.838840 0.410557
v -1.526046 -1.840670 0.409513
v -1.526057 -1.840681 0.409499
v -1.524315 -1.842501 0.410557
v -1.524319 -1.842519 0.410547
v -1.527778 -1.838840 0.415597
v -1.527797 -1.838843 0.415607
v -1.526057 -1.840681 0.416655
v -1.526046 -1.840670 0.416641
v -1.524319 -1.842519 0.415607
v -1.524315 -1.842501 0.415597
v -1.523598 -1.843281 0.413077
v -1.523597 -1.843259 0.413077
v -1.528517 -1.838081 0.413077
v -1.528495 -1.838082 0.413077
v -1.519533 -1.832291 0.411466
v -1.519513 -1.832289 0.411478
v -1.518414 -1.833450 0.410815
v -1.518426 -1.833461 0.410798
v -1.517315 -1.834612 0.411478
v -1.517318 -1.834632 0.411466
v -1.519513 -1.832289 0.414676
v -1.519533 -1.832291 0.414688
v -1.518426 -1.833461 0.415356
v -1.518414 -1.833450 0.415339
v -1.517318 -1.834632 0.414688
v -1.517315 -1.834612 0.414676
v -1.516860 -1.835117 0.413077
v -1.516860 -1.835094 0.413077
v -1.519992 -1.831806 0.413077
v -1.519969 -1.831807 0.413077
v -1.528637 -1.840370 0.411059
v -1.528648 -1.840341 0.411049
v -1.527255 -1.841814 0.410210
v -1.527263 -1.841822 0.410231
v -1.525862 -1.843287 0.411049
v -1.525890 -1.843274 0.411059
v -1.528648 -1.840341 0.415105
v -1.528637 -1.840370 0.415095
v -1.527263 -1.841822 0.415923
v -1.527255 -1.841814 0.415944
v -1.525890 -1.843274 0.415095
v -1.525862 -1.843287 0.415105
v -1.525315 -1.843881 0.413077
v -1.525285 -1.843897 0.413077
v -1.529212 -1.839762 0.413077
v -1.529226 -1.839731 0.413077
v -1.526450 -1.840580 0.411143
v -1.526439 -1.840569 0.411159
v -1.526461 -1.840569 0.411159
v -1.526214 -1.840830 0.411143
v -1.526203 -1.840819 0.411159
v -1.525979 -1.841079 0.411143
v -1.525968 -1.841090 0.411159
v -1.525967 -1.841068 0.411159
v -1.526450 -1.840580 0.415011
v -1.526461 -1.840569 0.414995
v -1.526439 -1.840569 0.414995
v -1.526203 -1.840819 0.414995
v -1.526214 -1.840830 0.415011
v -1.525979 -1.841079 0.415011
v -1.525967 -1.841068 0.414995
v -1.525968 -1.841090 0.414995
v -1.525967 -1.841068 0.413077
v -1.525968 -1.841090 0.413077
v -1.526439 -1.840569 0.413077
v -1.526461 -1.840569 0.413077
v -1.454296 -1.912929 0.412863
v -1.454316 -1.912931 0.412853
v -1.453928 -1.913318 0.413291
v -1.453931 -1.913338 0.413301
v -1.454754 -1.912468 0.414799
v -1.454770 -1.912452 0.414802
v -1.454751 -1.912448 0.414789
v -1.454954 -1.912257 0.414587
v -1.454936 -1.912253 0.414575
v -1.455138 -1.912062 0.414373
v -1.455140 -1.912060 0.414351
v -1.455120 -1.912059 0.414361
v -1.453108 -1.914208 0.411803
v -1.453105 -1.914189 0.411793
v -1.453109 -1.914207 0.411781
v -1.453289 -1.913994 0.411579
v -1.453294 -1.914012 0.411567
v -1.453473 -1.913799 0.411364
v -1.453493 -1.913801 0.411355
v -1.453478 -1.913817 0.411352
v -1.456703 -1.912492 0.411286
v -1.456694 -1.912518 0.411306
v -1.453625 -1.915746 0.414868
v -1.453651 -1.915735 0.414848
v -1.454966 -1.914345 0.415902
v -1.454947 -1.914349 0.415927
v -1.456395 -1.912818 0.415316
v -1.456394 -1.912835 0.415300
v -1.457112 -1.912077 0.413405
v -1.457123 -1.912049 0.413394
v -1.453233 -1.916176 0.412749
v -1.453206 -1.916189 0.412760
v -1.453934 -1.915420 0.410838
v -1.453951 -1.915418 0.410854
v -1.455382 -1.913889 0.410227
v -1.455379 -1.913908 0.410252
v -1.447538 -1.904472 0.411664
v -1.447558 -1.904473 0.411654
v -1.445112 -1.907059 0.414500
v -1.445110 -1.907039 0.414490
v -1.446152 -1.905937 0.415325
v -1.446162 -1.905949 0.415342
v -1.447294 -1.904729 0.414844
v -1.447313 -1.904732 0.414857
v -1.447891 -1.904121 0.413329
v -1.447868 -1.904122 0.413327
v -1.444779 -1.907388 0.412827
v -1.444778 -1.907411 0.412825
v -1.445357 -1.906800 0.411297
v -1.445353 -1.906782 0.411310
v -1.446508 -1.905583 0.410812
v -1.446495 -1.905574 0.410829
v -1.455868 -1.910954 0.410851
v -1.455887 -1.910956 0.410842
v -1.452046 -1.915016 0.415312
v -1.452043 -1.914997 0.415303
v -1.453685 -1.913262 0.416619
v -1.453695 -1.913273 0.416633
v -1.455503 -1.911362 0.415872
v -1.455485 -1.911359 0.415860
v -1.456411 -1.910402 0.413473
v -1.456389 -1.910403 0.413471
v -1.451522 -1.915548 0.412683
v -1.451523 -1.915569 0.412681
v -1.452426 -1.914592 0.410294
v -1.452431 -1.914610 0.410282
v -1.454239 -1.912699 0.409521
v -1.454226 -1.912689 0.409535
v -1.455374 -1.913914 0.412843
v -1.455354 -1.913912 0.412853
v -1.454968 -1.914320 0.413301
v -1.454971 -1.914339 0.413311
v -1.455808 -1.913455 0.414834
v -1.455807 -1.913433 0.414802
v -1.455792 -1.913449 0.414799
v -1.456009 -1.913242 0.414600
v -1.455991 -1.913239 0.414587
v -1.456177 -1.913042 0.414351
v -1.456175 -1.913044 0.414373
v -1.456210 -1.913030 0.414366
v -1.454147 -1.915188 0.411781
v -1.454135 -1.915224 0.411788
v -1.454145 -1.915190 0.411803
v -1.454331 -1.914993 0.411567
v -1.454336 -1.915011 0.411554
v -1.454530 -1.914783 0.411355
v -1.454537 -1.914799 0.411320
v -1.454515 -1.914799 0.411352
v -1.455167 -1.911672 0.411654
v -1.455188 -1.911673 0.411643
v -1.452723 -1.914278 0.414511
v -1.452721 -1.914257 0.414500
v -1.453771 -1.913148 0.415342
v -1.453781 -1.913160 0.415359
v -1.454922 -1.911931 0.414857
v -1.454941 -1.911934 0.414870
v -1.455524 -1.911318 0.413331
v -1.455501 -1.911319 0.413329
v -1.452388 -1.914610 0.412825
v -1.452387 -1.914633 0.412823
v -1.452970 -1.914017 0.411284
v -1.452966 -1.913998 0.411297
v -1.454117 -1.912781 0.410812
v -1.454130 -1.912791 0.410795
vn -0.7264 -0.6872 -0.0000
vn 0.0968 0.0916 -0.9911
vn -0.3848 0.6007 -0.7008
vn -0.1330 0.7562 -0.6407
vn 0.3073 0.2908 -0.9061
vn 0.3073 0.2908 0.9061
vn 0.7477 -0.1747 0.6407
vn 0.8606 0.1404 0.4895
vn 0.5242 0.4959 0.6923
vn 0.7477 -0.1747 -0.6407
vn 0.5242 0.4959 -0.6923
vn 0.8606 0.1404 -0.4895
vn 0.9300 -0.3675 -0.0000
vn 1.0000 -0.0069 -0.0000
vn -0.1330 0.7562 0.6407
vn 0.1878 0.8515 0.4895
vn 0.7264 0.6872 -0.0000
vn -0.3153 0.9490 -0.0000
vn 0.0485 0.9988 -0.0000
vn 0.1878 0.8515 -0.4895
vn -0.6872 0.7264 -0.0000
vn -0.4859 0.5137 -0.7071
vn 0.4859 -0.5137 -0.7071
vn 0.6872 -0.7264 -0.0000
vn -0.4859 0.5137 0.7071
vn 0.4859 -0.5137 0.7071
vn -0.0000 -0.0000 1.0000
vn -0.0000 -0.0000 -1.0000
vn -0.5843 0.8115 -0.0000
vn -0.3848 0.6007 0.7008
vn 0.0968 0.0916 0.9911
vn 0.7778 -0.6285 -0.0000
vn 0.5784 -0.4176 -0.7008
vn 0.5784 -0.4176 0.7008
vn 0.7264 0.6872 -0.0001
vn 0.5367 -0.5673 0.6246
vn 0.7264 0.6872 0.0001
vn -0.7264 -0.6872 0.0001
vn 0.6287 -0.4707 0.6190
vn 0.7737 -0.6240 -0.1097
vn 0.9262 -0.3634 -0.1002
vn 0.7937 -0.2233 0.5659
vn 0.6963 -0.1203 -0.7076
vn 0.2385 0.3636 -0.9005
vn 0.4717 0.5516 -0.6880
vn 0.8214 0.1819 -0.5406
vn 0.9971 -0.0038 -0.0766
vn -0.0816 0.7019 0.7076
vn 0.3763 0.2179 0.9005
vn 0.5769 0.4404 0.6880
vn 0.2271 0.8100 0.5406
vn 0.7264 0.6872 0.0002
vn -0.5367 0.5673 -0.6246
vn -0.1789 0.8048 -0.5659
vn 0.1527 0.8887 -0.4323
vn -0.3115 0.9449 0.1002
vn 0.0514 0.9957 0.0766
vn -0.4293 0.4538 0.7809
vn 0.4292 -0.4537 -0.7809
vn 0.4292 -0.4537 -0.7810
vn 0.8958 0.1033 0.4323
vn 0.7264 0.6872 -0.0002
vn -0.4351 0.6539 -0.6190
vn -0.5801 0.8071 0.1096
vn 0.4293 -0.4538 -0.7809
vn -0.4292 0.4537 0.7810
vn 0.0760 -0.0803 0.9939
vn -0.0760 0.0803 -0.9939
vn 0.6830 -0.7220 -0.1106
vn 0.5222 -0.3581 -0.7740
vn 0.0215 0.1712 -0.9850
vn 0.1721 0.0119 0.9850
vn -0.3286 0.5412 0.7740
vn -0.6830 0.7220 0.1106
vn -0.0968 -0.0915 -0.9911
vn 0.3848 -0.6007 -0.7008
vn 0.1330 -0.7562 -0.6407
vn -0.3074 -0.2907 -0.9061
vn -0.3074 -0.2907 0.9061
vn -0.7477 0.1747 0.6407
vn -0.8606 -0.1404 0.4895
vn -0.5242 -0.4959 0.6923
vn -0.7477 0.1747 -0.6407
vn -0.5242 -0.4959 -0.6923
vn -0.8606 -0.1404 -0.4895
vn -0.9300 0.3674 -0.0000
vn -1.0000 0.0069 0.0001
vn 0.1330 -0.7562 0.6407
vn -0.1878 -0.8516 0.4895
vn 0.3153 -0.9490 -0.0000
vn -0.0485 -0.9988 -0.0001
vn -0.1879 -0.8515 -0.4895
vn 0.5843 -0.8115 -0.0000
vn 0.3848 -0.6007 0.7008
vn -0.0968 -0.0915 0.9911
vn -0.7779 0.6284 -0.0000
vn -0.5784 0.4175 -0.7008
vn -0.5784 0.4175 0.7008
vn -0.5367 0.5673 0.6246
vn -0.6287 0.4707 0.6190
vn -0.7737 0.6240 -0.1096
vn -0.9262 0.3634 -0.1002
vn -0.7937 0.2233 0.5659
vn -0.6962 0.1204 -0.7076
vn -0.2385 -0.3636 -0.9005
vn -0.4716 -0.5515 -0.6880
vn -0.8213 -0.1818 -0.5407
vn -0.9971 0.0038 -0.0766
vn 0.0816 -0.7018 0.7076
vn -0.3762 -0.2179 0.9005
vn -0.5768 -0.4403 0.6880
vn -0.2270 -0.8100 0.5407
vn -0.7264 -0.6872 0.0002
vn 0.5367 -0.5673 -0.6246
vn 0.1789 -0.8048 -0.5659
vn -0.1527 -0.8887 -0.4323
vn 0.3115 -0.9449 0.1002
vn -0.0514 -0.9957 0.0766
vn 0.4292 -0.4537 0.7809
vn 0.4292 -0.4537 0.7810
vn -0.4292 0.4537 -0.7810
vn -0.8958 -0.1033 0.4323
vn 0.4351 -0.6538 -0.6190
vn 0.5801 -0.8071 0.1096
vn 0.4293 -0.4538 0.7809
vn -0.7264 -0.6872 -0.0001
vn -0.0760 0.0803 0.9939
vn -0.7264 -0.6872 -0.0003
vn 0.0760 -0.0803 -0.9939
vn -0.6830 0.7220 -0.1106
vn -0.5222 0.3581 -0.7740
vn -0.0215 -0.1712 -0.9850
vn -0.1721 -0.0120 0.9850
vn 0.3286 -0.5412 0.7740
vn 0.6830 -0.7220 0.1106
vn 0.5784 -0.4175 -0.7008
vn 0.5242 0.4960 0.6922
vn 0.1879 0.8515 0.4895
vn 0.1879 0.8515 -0.4895
vn 0.0486 0.9988 -0.0000
vn 0.7779 -0.6284 -0.0000
vn 0.5784 -0.4175 0.7008
vn -0.5844 0.8115 -0.0000
vn -0.3849 0.6006 -0.7008
vn -0.3849 0.6006 0.7008
vn 0.0215 0.1711 0.9850
vn 0.2385 0.3636 0.9005
vn -0.1789 0.8048 0.5659
vn -0.4352 0.6538 0.6190
vn -0.0816 0.7019 -0.7076
vn 0.2271 0.8101 -0.5406
vn 0.5768 0.4404 -0.6880
vn 0.3762 0.2180 -0.9005
vn -0.3115 0.9449 -0.1002
vn 0.0515 0.9957 -0.0766
vn 0.6963 -0.1204 0.7076
vn 0.8214 0.1819 0.5407
vn 0.4717 0.5515 0.6880
vn 0.8958 0.1032 -0.4323
vn 0.7937 -0.2233 -0.5659
vn 0.9971 -0.0038 0.0766
vn 0.9262 -0.3634 0.1002
vn -0.4292 0.4537 -0.7809
vn 0.7264 0.6872 -0.0003
vn -0.4293 0.4538 -0.7809
vn 0.1528 0.8887 0.4323
vn -0.3286 0.5412 -0.7740
vn 0.1721 0.0120 -0.9850
vn -0.5802 0.8071 -0.1096
vn 0.6287 -0.4707 -0.6190
vn 0.7737 -0.6240 0.1096
vn 0.5222 -0.3581 0.7740
vn -0.0968 -0.0916 -0.9911
vn -0.3073 -0.2908 -0.9061
vn -0.3073 -0.2908 0.9061
vn -0.1879 -0.8515 0.4895
vn -0.0486 -0.9988 -0.0000
vn -0.9301 0.3674 -0.0000
vn -1.0000 0.0069 -0.0000
vn -0.0968 -0.0916 0.9911
vn 0.3848 -0.6006 -0.7008
vn 0.3848 -0.6006 0.7008
vn -0.0215 -0.1711 0.9850
vn -0.2384 -0.3635 0.9005
vn 0.1789 -0.8048 0.5659
vn 0.4352 -0.6538 0.6190
vn 0.0816 -0.7019 -0.7076
vn -0.2271 -0.8100 -0.5407
vn -0.5768 -0.4403 -0.6881
vn -0.3762 -0.2179 -0.9005
vn 0.3115 -0.9449 -0.1002
vn -0.0515 -0.9957 -0.0766
vn -0.6962 0.1204 0.7077
vn -0.8213 -0.1818 0.5408
vn -0.4716 -0.5515 0.6881
vn -0.8958 -0.1032 -0.4324
vn -0.7937 0.2233 -0.5659
vn -0.9971 0.0039 0.0766
vn -0.9262 0.3634 0.1002
vn -0.4292 0.4537 0.7809
vn -0.4293 0.4537 0.7809
vn -0.1528 -0.8887 0.4323
vn 0.3286 -0.5413 -0.7740
vn -0.1721 -0.0120 -0.9850
vn 0.5802 -0.8071 -0.1096
vn -0.6287 0.4707 -0.6190
vn -0.7737 0.6240 0.1096
vn -0.5222 0.3581 0.7740
vn -0.0002 0.0002 1.0000
vn 0.7267 0.6869 0.0002
vn 0.6869 -0.7267 0.0002
vn 0.0012 0.0019 1.0000
vn -0.6875 0.7262 0.0002
vn 0.7267 0.6870 -0.0020
vn 0.0002 -0.0001 -1.0000
vn 0.6869 -0.7268 0.0003
vn 0.7267 0.6869 -0.0001
vn 0.0009 0.0023 -1.0000
vn 0.7267 0.6870 0.0019
vn -0.6876 0.7261 0.0003
vn -0.0011 -0.0000 1.0000
vn 0.6876 -0.7261 0.0008
vn 0.7260 0.6877 0.0007
vn -0.0009 -0.0015 1.0000
vn 0.7264 0.6873 0.0013
vn -0.6875 0.7261 0.0011
vn -0.0006 -0.0003 -1.0000
vn 0.7261 0.6876 -0.0007
vn 0.6875 -0.7262 -0.0003
vn -0.0011 -0.0011 -1.0000
vn -0.6876 0.7261 -0.0006
vn 0.7264 0.6873 -0.0014
vn -0.5376 0.5670 -0.6242
vn 0.7255 0.6882 -0.0015
vn 0.4273 -0.4536 -0.7821
vn 0.4262 -0.4529 -0.7831
vn 0.7265 0.6871 -0.0038
vn 0.5380 -0.5682 0.6227
vn -0.5366 0.5694 -0.6228
vn -0.4282 0.4506 0.7834
vn 0.7268 0.6868 0.0045
vn 0.7273 0.6863 0.0019
vn -0.4294 0.4517 0.7820
vn 0.5362 -0.5682 0.6242
vn -0.5368 0.5665 -0.6252
vn 0.4277 -0.4538 -0.7818
vn 0.7262 0.6875 -0.0023
vn 0.7267 0.6869 -0.0032
vn 0.4268 -0.4525 -0.7830
vn 0.5375 -0.5684 0.6229
vn -0.4287 0.4518 0.7823
vn -0.5373 0.5671 -0.6242
vn 0.7259 0.6878 0.0018
vn 0.5350 -0.5683 0.6252
vn -0.4296 0.4518 0.7818
vn 0.7270 0.6866 0.0039
vn -0.0020 0.0002 1.0000
vn -0.7264 -0.6872 -0.0031
vn -0.6877 0.7260 -0.0026
vn 0.0002 -0.0020 1.0000
vn 0.6868 -0.7269 -0.0026
vn -0.7264 -0.6873 -0.0031
vn -0.0020 0.0002 -1.0000
vn -0.6877 0.7260 0.0026
vn -0.7265 -0.6872 0.0032
vn 0.0002 -0.0020 -1.0000
vn -0.7264 -0.6872 0.0031
vn 0.6868 -0.7269 0.0026
vn 0.0004 -0.0002 1.0000
vn -0.6875 0.7261 0.0001
vn -0.7261 -0.6876 0.0005
vn -0.0012 -0.0013 1.0000
vn -0.7271 -0.6865 -0.0014
vn 0.6869 -0.7267 0.0001
vn 0.0004 -0.0002 -1.0000
vn -0.7261 -0.6876 -0.0004
vn -0.6875 0.7261 -0.0001
vn -0.0012 -0.0013 -1.0000
vn 0.6869 -0.7267 -0.0001
vn -0.7271 -0.6866 0.0015
vn 0.5373 -0.5679 -0.6236
vn -0.7252 -0.6885 -0.0005
vn -0.4284 0.4527 -0.7820
vn -0.4289 0.4542 -0.7809
vn -0.7265 -0.6872 0.0002
vn -0.5361 0.5669 0.6254
vn 0.5369 -0.5663 -0.6254
vn 0.4298 -0.4534 0.7808
vn -0.7261 -0.6876 -0.0000
vn -0.7274 -0.6862 -0.0006
vn 0.4277 -0.4536 0.7819
vn -0.5385 0.5670 0.6233
vn 0.5363 -0.5681 -0.6242
vn -0.4323 0.4522 -0.7802
vn -0.7266 -0.6870 0.0046
vn -0.7266 -0.6871 -0.0027
vn -0.4270 0.4528 -0.7828
vn -0.5374 0.5679 0.6235
vn 0.4274 -0.4492 0.7846
vn 0.5371 -0.5678 -0.6238
vn -0.7265 -0.6872 0.0041
vn -0.5371 0.5674 0.6242
vn 0.4280 -0.4564 0.7801
vn -0.7264 -0.6873 -0.0035
vn 0.0002 -0.0002 1.0000
vn 0.7261 0.6876 0.0001
vn 0.0019 0.0011 1.0000
vn 0.7262 0.6875 -0.0019
vn -0.0001 0.0002 -1.0000
vn 0.7262 0.6875 -0.0002
vn 0.0023 0.0008 -1.0000
vn 0.7262 0.6875 0.0020
vn -0.0000 -0.0011 1.0000
vn 0.7268 0.6869 0.0007
vn -0.6869 0.7268 0.0008
vn -0.0015 -0.0008 1.0000
vn 0.6869 -0.7267 0.0011
vn 0.7265 0.6872 0.0014
vn -0.0003 -0.0006 -1.0000
vn -0.6870 0.7267 -0.0003
vn 0.7268 0.6868 -0.0007
vn 0.7265 0.6871 -0.0013
vn 0.6868 -0.7268 -0.0006
vn 0.5363 -0.5682 -0.6242
vn -0.4292 0.4518 -0.7821
vn 0.7273 0.6863 -0.0018
vn -0.4285 0.4506 -0.7831
vn -0.5375 0.5687 0.6227
vn 0.7263 0.6873 -0.0040
vn 0.5387 -0.5673 -0.6228
vn 0.7260 0.6877 0.0042
vn 0.4262 -0.4525 0.7834
vn 0.7255 0.6882 0.0016
vn -0.5376 0.5669 0.6242
vn 0.4272 -0.4537 0.7820
vn 0.7267 0.6870 -0.0019
vn -0.4293 0.4524 -0.7817
vn 0.5360 -0.5673 -0.6251
vn -0.5372 0.5675 0.6240
vn -0.4285 0.4522 -0.7822
vn 0.7263 0.6874 -0.0016
vn 0.4274 -0.4531 0.7823
vn 0.7270 0.6866 0.0018
vn 0.5365 -0.5679 -0.6242
vn -0.5378 0.5657 0.6252
vn 0.7258 0.6879 0.0039
vn 0.4273 -0.4540 0.7818
vn 0.0001 -0.0020 1.0000
vn -0.7264 -0.6872 -0.0032
vn -0.0019 0.0003 1.0000
vn 0.0001 -0.0020 -1.0000
vn -0.0019 0.0003 -1.0000
vn -0.7265 -0.6872 0.0031
vn -0.0001 0.0004 1.0000
vn -0.7268 -0.6869 0.0004
vn -0.0013 -0.0012 1.0000
vn -0.7258 -0.6879 -0.0015
vn -0.0001 0.0004 -1.0000
vn -0.7268 -0.6869 -0.0005
vn -0.0013 -0.0012 -1.0000
vn -0.7258 -0.6879 0.0014
vn -0.5372 0.5680 -0.6236
vn 0.4285 -0.4527 -0.7820
vn -0.7276 -0.6860 -0.0009
vn 0.4297 -0.4534 -0.7809
vn 0.5363 -0.5667 0.6254
vn -0.7264 -0.6873 -0.0000
vn -0.5357 0.5674 -0.6254
vn -0.7268 -0.6868 -0.0002
vn -0.4289 0.4543 0.7808
vn -0.7254 -0.6883 -0.0008
vn 0.5363 -0.5691 0.6233
vn -0.4292 0.4521 0.7819
vn -0.7262 -0.6874 0.0046
vn 0.4276 -0.4567 -0.7802
vn -0.5375 0.5670 -0.6242
vn 0.5371 -0.5678 0.6237
vn 0.4295 -0.4543 -0.7805
vn -0.7263 -0.6874 -0.0003
vn -0.4246 0.4517 0.7846
vn -0.7265 -0.6871 0.0042
vn -0.5372 0.5677 -0.6238
vn 0.5368 -0.5677 0.6242
vn -0.7264 -0.6872 -0.0038
vn -0.4322 0.4524 0.7801
vn -0.3364 0.6366 -0.6939
vn 0.1381 0.1307 -0.9818
vn -0.7266 -0.6871 0.0005
vn -0.7273 -0.6863 -0.0016
vn 0.6151 -0.3736 -0.6944
vn -0.7269 -0.6868 0.0001
vn -0.7273 -0.6863 0.0016
vn -0.7266 -0.6871 -0.0005
vn 0.1380 0.1308 0.9818
vn -0.3365 0.6366 0.6939
vn -0.7269 -0.6868 -0.0001
vn 0.6150 -0.3735 0.6944
vn 0.8128 -0.5826 -0.0000
vn -0.7268 -0.6868 -0.0000
vn -0.5333 0.8459 -0.0000
vn -0.7283 -0.6853 -0.0000
vn 0.7264 0.6872 0.0026
vn 0.7264 0.6872 0.0038
vn 0.4665 0.4414 -0.7665
vn 0.1106 0.8429 -0.5266
vn 0.7265 0.6872 0.0019
vn 0.8472 0.0634 -0.5275
vn 0.1102 0.8424 0.5275
vn 0.4666 0.4413 0.7665
vn 0.7264 0.6872 -0.0038
vn 0.7264 0.6872 -0.0019
vn 0.8477 0.0637 0.5266
vn 0.7265 0.6872 -0.0026
vn 0.7266 0.6871 -0.0008
vn 0.9964 -0.0850 -0.0007
vn 0.7263 0.6874 0.0008
vn -0.0296 0.9996 0.0007
vn -0.7259 -0.6878 0.0018
vn -0.7263 -0.6873 0.0008
vn 0.0490 0.0463 -0.9977
vn -0.4370 0.5583 -0.7052
vn -0.7268 -0.6868 0.0014
vn 0.5335 -0.4669 -0.7053
vn -0.4370 0.5583 0.7052
vn 0.0486 0.0459 0.9978
vn -0.7264 -0.6872 -0.0012
vn -0.7259 -0.6878 -0.0018
vn 0.5332 -0.4673 0.7052
vn -0.7270 -0.6867 -0.0018
vn -0.7278 -0.6858 -0.0000
vn 0.7337 -0.6794 -0.0000
vn -0.7251 -0.6886 -0.0000
vn -0.6377 0.7703 -0.0000
vn -0.4328 0.5610 -0.7056
vn 0.0500 0.0468 -0.9977
vn -0.7262 -0.6875 -0.0001
vn -0.7273 -0.6863 -0.0020
vn 0.5340 -0.4664 -0.7052
vn -0.7265 -0.6871 0.0010
vn -0.7273 -0.6863 0.0020
vn -0.7262 -0.6874 -0.0002
vn 0.0497 0.0467 0.9977
vn -0.4329 0.5611 0.7056
vn -0.7267 -0.6870 -0.0012
vn 0.5338 -0.4667 0.7052
vn 0.7354 -0.6776 -0.0000
vn -0.7263 -0.6873 -0.0000
vn -0.6337 0.7736 -0.0000
vn -0.7281 -0.6855 -0.0000
vn 0.0023 0.0023 1.0000
vn 0.7265 0.6872 -0.0033
vn 0.7264 0.6873 0.0033
vn 0.0024 0.0022 -1.0000
vn -0.6879 0.7258 -0.0000
vn 0.7258 0.6879 -0.0000
vn 0.6865 -0.7271 -0.0000
vn 0.7271 0.6865 -0.0000
vn 0.7264 0.6873 0.0009
vn -0.0006 -0.0007 1.0000
vn -0.0007 -0.0006 -1.0000
vn 0.7265 0.6872 -0.0009
vn 0.7272 0.6864 -0.0000
vn -0.6864 0.7272 -0.0000
vn 0.7257 0.6880 -0.0000
vn 0.6880 -0.7257 -0.0000
vn 0.5831 -0.5210 0.6233
vn 0.1259 -0.0326 0.9915
vn -0.7265 -0.6872 0.0006
vn -0.7278 -0.6858 -0.0014
vn 0.4782 -0.4055 -0.7790
vn 0.7297 -0.6748 -0.1107
vn -0.7276 -0.6860 -0.0003
vn -0.7262 -0.6874 -0.0001
vn -0.6328 0.7664 0.1105
vn -0.4869 0.6120 -0.6231
vn -0.7258 -0.6879 0.0008
vn -0.7257 -0.6880 -0.0000
vn -0.0258 0.1273 -0.9915
vn -0.7264 -0.6873 -0.0003
vn 0.5353 -0.5677 0.6254
vn 0.7267 0.6870 0.0016
vn -0.5367 0.5663 -0.6254
vn -0.5332 0.8390 0.1084
vn -0.3875 0.6878 -0.6138
vn -0.7260 -0.6877 -0.0013
vn -0.7256 -0.6882 -0.0003
vn 0.0669 0.2125 -0.9749
vn 0.5600 -0.3132 -0.7670
vn -0.7269 -0.6868 -0.0013
vn -0.7266 -0.6870 -0.0032
vn -0.3786 0.4996 0.7791
vn 0.7266 0.6870 0.0003
vn -0.5364 0.5675 -0.6247
vn 0.7264 0.6873 0.0002
vn 0.5366 -0.5673 0.6247
vn 0.4269 -0.4540 -0.7821
vn 0.7263 0.6874 -0.0024
vn 0.7264 0.6873 0.0031
vn -0.4301 0.4511 0.7820
vn 0.7265 0.6872 -0.0012
vn 0.4282 -0.4539 -0.7814
vn -0.7262 -0.6875 -0.0004
vn -0.7263 -0.6873 -0.0010
vn -0.4850 0.6132 -0.6235
vn -0.6321 0.7670 0.1101
vn -0.7261 -0.6876 0.0006
vn -0.7258 -0.6879 0.0015
vn 0.7318 -0.6728 -0.1092
vn 0.4781 -0.4061 -0.7788
vn -0.7261 -0.6876 0.0012
